Run semi-empirical minimization
 &qmmm
  qm_theory = 'DFTB3',
  qmcharge = -1,
  maxcyc = 0,
 /
15  P    6.4310   -6.8110   16.8160
8   O1P  5.4480   -7.8640   16.4500
8   O2P  6.5120   -5.5560   16.0370
6   C1G  7.3020   -6.5790   21.1580
7   N1   7.3080   -6.1060   22.5580
6   C2   7.4770   -4.7980   22.8300
6   C2G  5.8430   -6.7040   20.6340
8   O2   7.6630   -3.9330   21.9660
8   O2G  5.0780   -7.5820   21.4740
6   C3G  5.8060   -7.3390   19.2640
7   N3   7.4510   -4.4130   24.1630
8   O3G  6.3130   -6.3840   18.3520
6   C4   7.2440   -5.3100   25.2100
8   O4   7.2260   -4.8250   26.3480
6   C5   7.0790   -6.6700   24.9270
6   C6   7.1120   -7.0450   23.5840
1   H01  6.9310   -7.4030   25.7200
1   H3   7.5700   -3.4450   24.3810
1   H6   6.9680   -8.0930   23.3220
1   H2G  5.3690   -5.7240   20.6040
1   H1G1 7.8480   -5.8880   20.5170
1   H1G2 7.7700   -7.5600   21.0920
1   H3G1 4.8460   -7.4810   18.8700
1   H3G2 6.4760   -8.1320   19.1220
1   H    5.6884   -6.1519   15.8576
1   H    5.6191   -8.6622   16.9739
1   H    5.5010   -8.4545   21.5000
