Run semi-empirical minimization
 &qmmm
  qm_theory = 'DFTB3',
  qmcharge = 0,
  maxcyc = 0,
 /
15  P     14.866  -1.263  11.522
6   C5'   15.148  -3.882  11.616
8   O5'   14.715  -2.678  12.227
6   C4'   14.949  -5.032  12.566
8   O4'   15.795  -4.867  13.733
6   C3'   13.560  -5.159  13.148
8   O3'   12.653  -5.734  12.232
6   C2'   13.815  -5.971  14.402
8   O2'   14.035  -7.337  14.074
6   C1'   15.131  -5.360  14.877
7   N1    14.520  -3.922  19.788
6   C2    14.720  -5.122  19.228
7   N3    14.874  -5.443  17.943
6   C4    14.799  -4.336  17.184
6   C5    14.591  -3.046  17.612
6   C6    14.448  -2.840  18.985
7   N6    14.239  -1.650  19.541
7   N7    14.578  -2.156  16.543
6   C8    14.758  -2.907  15.494
7   N9    14.912  -4.238  15.811
8   OP1   14.455  -1.365  10.113
8   OP2   14.189  -0.267  12.411
1   HO2'  14.843  -7.523  14.208
1   H2    14.761  -5.836  19.823
1   H8    14.795  -2.577  14.626
1   H1'   15.674  -6.041  15.303
1   H2'   13.108  -5.860  15.057
1   H3'   13.240  -4.278  13.400
1   H4'   15.183  -5.860  12.118
1   H5'   16.089  -3.809  11.391
1   H61   14.190  -0.947  19.048
1   H62   14.152  -1.583  20.394
1   H5''  14.634  -4.037  10.809
15  P     11.082  -5.511  12.440
6   C5'   9.845   -6.032  14.709
8   O5'   10.823  -6.367  13.751
6   C4'   10.052  -6.894  15.923
8   O4'   11.263  -6.487  16.621
6   C3'   8.991   -6.818  16.997
8   O3'   7.811   -7.525  16.675
6   C2'   9.739   -7.357  18.207
8   O2'   9.890   -8.763  18.143
6   C1'   11.107  -6.710  18.007
7   N1    10.931  -4.421  22.600
6   C2    10.863  -5.712  22.231
7   N3    10.928  -6.233  21.003
6   C4    11.073  -5.261  20.079
6   C5    11.140  -3.906  20.305
6   C6    11.075  -3.467  21.645
7   N6    11.133  -2.185  22.043
7   N7    11.278  -3.221  19.108
6   C8    11.283  -4.154  18.201
7   N9    11.172  -5.419  18.714
8   OP1   10.399  -6.137  11.289
8   OP2   10.816  -4.085  12.745
1   HO2'  10.698  -8.946  18.009
1   H2    10.773  -6.325  22.925
1   H8    11.366  -3.979  17.292
1   H1'   11.805  -7.302  18.329
1   H2'   9.329   -7.073  19.038
1   H3'   8.768   -5.888  17.154
1   H4'   10.148  -7.817  15.640
1   H5'   8.962   -6.191  14.342
1   H61   11.224  -1.558  21.461
1   H62   11.078  -1.992  22.879
1   H5''  9.934   -5.098  14.953
15  P     6.431   -6.811  16.816
8   O1P   5.448   -7.864  16.450
8   O2P   6.512   -5.556  16.037
6   C1G   7.302   -6.579  21.158
7   N1    7.308   -6.106  22.558
6   C2    7.477   -4.798  22.830
6   C2G   5.843   -6.704  20.634
8   O2    7.663   -3.933  21.966
8   O2G   5.078   -7.582  21.474
6   C3G   5.806   -7.339   19.264
7   N3    7.451   -4.413   24.163
8   O3G   6.313   -6.384   18.352
6   C4    7.244   -5.310   25.210
8   O4    7.226   -4.825   26.348
6   C5    7.079   -6.670   24.927
6   C6    7.112   -7.045   23.584
1   H01   6.931   -7.403   25.720
1   H3    7.570   -3.445   24.381
1   H6    6.968   -8.093   23.322
1   H2G   5.369   -5.724   20.604
1   H1G1  7.848   -5.888   20.517
1   H1G2  7.770   -7.560   21.092
1   H3G1  4.846   -7.481   18.870
1   H3G2  6.476   -8.132   19.122
15  P     3.527   -7.524   21.667
6   C5'   3.343   -7.188   24.271
8   O5'   3.292   -6.646   22.967
6   C4'   3.199   -6.093   25.291
8   O4'   4.331   -5.192   25.210
6   C3'   1.999   -5.176   25.131
8   O3'   0.824   -5.778   25.641
6   C2'   2.439   -3.934   25.888
8   O2'   2.342   -4.177   27.284
6   C1'   3.907   -3.871   25.491
7   N1    4.185   -3.032   24.301
6   C2    4.301   -1.673   24.494
8   O2    4.104   -1.155   25.577
7   N3    4.633   -0.930   23.396
6   C4    4.851   -1.418   22.127
8   O4    5.174   -0.648   21.224
6   C5    4.713   -2.831   21.997
6   C6    4.390   -3.558   23.058
8   OP1   3.102   -8.917   21.948
8   OP2   2.892   -6.790   20.559
1   HO2'  3.115   -4.236   27.605
1   H3    4.699   -0.079   23.504
1   H5    4.864   -3.242   21.177
1   H6    4.339   -4.481   22.958
1   H1'   4.420   -3.530   26.240
1   H2'   1.949   -3.143   25.613
1   H3'   1.876   -4.961   24.193
1   H4'   3.176   -6.489   26.176
1   H5'   4.193   -7.637   24.400
1   H5''  2.621   -7.827   24.382
15  P     -0.594  -5.423   24.993
6   C5'   -1.053  -3.559   26.779
8   O5'   -0.852  -3.919   25.419
6   C4'   -0.991  -2.066   26.956
8   O4'   0.317   -1.565   26.602
6   C3'   -1.914  -1.260   26.071
8   O3'   -3.222  -1.250   26.542
6   C2'   -1.265  0.104    26.075
8   O2'   -1.500  0.763    27.306
6   C1'   0.193   -0.286   26.018
7   N1    0.684   -0.339   24.629
6   C2    1.118   0.868    24.059
8   O2    1.069   1.912    24.748
7   N3    1.593   0.862    22.797
6   C4    1.605   -0.286   22.097
7   N4    2.089   -0.241   20.848
6   C5    1.150   -1.518   22.655
6   C6    0.687   -1.503   23.910
8   OP1   -1.563  -6.311   25.696
8   OP2   -0.501  -5.430   23.518
1   HO2'  -0.781  0.797    27.739
1   H5    1.179   -2.307   22.164
1   H6    0.399   -2.293   24.306
1   H01   -3.476  -0.350   26.762
1   H1'   0.720   0.353    26.524
1   H2'   -1.530  0.639    25.310
1   H3'   -1.897  -1.623   25.172
1   H4'   -1.173  -1.849   27.883
1   H5'   -0.365  -3.972   27.323
1   H5''  -1.922  -3.878   27.068

